3479163
3490045
3469341
3490088
3488939
3490417
3490275
3488956
3490395
3490382
3488931
3456783
3486340
2195405
3479150
3460304
3488474
3490121
3486154
3461016
3490402
3490508
3462092
3464959
3456674
3490519
3464508
3490494
3462075
3491154
2191809
3490567
3460288
3490181
3461023
3487853
3483491
3488370
2631139
3447561
3460289
3490040
2728170
3473427
757655
3486152
3490079
2192115
2372743
3456588
3490097
3466138
2222218
3481691
3464952
3447540
2729351
3490191
586581
818833
3456782
3490520
1383008
3454580
760745
3468922
3475578
1938401
3490054
3477323
3447847
2727791
1083891
3477651
3460285
3469867
3460301
2196043
1574425
3461099
2743181
3487541
3456784
1831056
2848163
105432
3463202
990275
2207350
1045600
818247
2365084
3464802
3490013
3460295
2638197
3460311
3477338
3456677
2230293
2212586
756954
3460309
2191376
769344
755860
3481705
3485268
3456684
577224
3486234
1011713
793137
2374874
2221883
3448337
3452969
3461149
2181333
760782
1834179
3487791
586428
2194543
2193959
874276
289674
755537
3463203
1011451
3456681
2743180
2191778
2215065
586830
1543785
3451891
3477413
2199526
601360
757209
3487910
2463916
1047621
3445493
1099937
2123103
587171
223896
2209521
1058168
2191411
3490490
3461084
248182
3485660
1012664
3464499
2648
2320379
40464
2232349
3460308
2311997
1344056
3456590
2330972
1506806
2736
890934
3479148
2194996
2167011
327872
2193595
1123847
3467772
577473
3486336
3456795
1926681
802840
581743
2191830
3460286
3487498
2193963
3456669
1336484
755390
1630413
1357283
86293
3461029
911361
817712
3489382
761198
3487459
3445928
1321607
3454863
3474110
3467768
586631
3490491
3462186
3492004
3489076
3488946
2213665
3491667
3461011
3461025
3469343
3490357
3484559
3477980
3460299
3489228
3490399
3451878
3464956
3460296
3492557
3488936
3461018
3487354
3467766
3479122
3460313
3485281
3490535
3490493
2213341
3460749
3490087
3489042
3468182
582161
3460267
3460207
3487497
3473472
3461015
3474031
3475579
3488572
3490448
3474148
3481658
3466883
3485596
3456667
2213079
3490149
3490043
3490526
3479013
3460278
3462190
3456683
3490525
3485707
3479288
3490069
3480973
3478511
2195242
3463228
3490255
2248103
3487914
3488658
3490072
3461013
3461026
3460292
3461022
3490297
3460291
3464955
3490102
3462189
3461021
3456574
3487055
3472246
3460282
3490653
3478999
3486307
3461017
3466413
3490250
3461019
3491156
3461027
3490183
3466881
3456668
3490427
3472482
3447560
3460300
3477981
3474147
3483647
3462188
3488295
3463249
3489399
3473422
2311645
3453012
3488109
931838
3477652
3477891
3460271
609769
3448295
3481417
3460457
3473559
3488005
2192188
3456679
3490406
3456665
3487218
3461012
3487393
3484787
3487620
3445812
3490076
3460305
3490707
3490474
3468147
3478989
3490106
3473814
3448336
3473943
3489884
3447568
588117
3490521
3447841
3466884
3490531
3487432
3474327
3466131
3466882
3452011
3479149
3465886
3461020
3488645
3464951
3469809
3454589
3481977
3490679
3445941
3461014
2274698
3478247
3460876
3484239
3468140
3492791
3463230
3488530
3456670
3466296
3479507
3469340
3472284
2191379
3463243
3460298
3458976
3479210
3476461
3476029
3477982
3490581
3474079
3460274
3460293
3460303
3465578
3456682
3447539
1344164
3461091
3459335
3490062
3490527
3490511
3474083
3481150
3482239
3487343
3490178
3456577
3474080
3487551
3473312
2233403
3460268
3471092
3483451
2376983
3472333
3456671
3469850
3488827
3460663
3486214
3473309
3489143
2194260
3479391
3458974
3485894
3490568
3451287
3460284
3447566
3464958
3491362
3489680
3487380
3485881
3478249
3460315
3490145
3460209
3447571
3484427
3482935
3476103
3485362
3489027
3471800
3451739
3452749
3488343
3460454
3479555
3474466
3456673
3475778
3447550
3451887
3448325
2193907
3456589
2191842
3452997
3490517
3460269
3485361
3445797
3463226
3472105
3451743
3481978
3456675
3490017
3453000
3464488
3472480
3479488
3478327
2191405
3456666
3478248
3460287
3465908
3447558
3474026
3463206
3468902
3488794
3490211
3482695
3460297
3453013
3481840
3493213
3479642
3460272
3478565
2467994

