0.246726 0.746303 0.735186 0.006970 0.796524 0.203476 0.488169
0.093111 0.660970 0.087276 0.245919 0.977921 0.022079 0.027156
0.179659 0.521480 0.326383 0.298861 0.529426 0.470574 0.719284
0.533853 0.290680 0.086962 0.175467 0.768504 0.231496 0.967346
0.309995 0.415062 0.762298 0.274943 0.116962 0.883038 0.622507
0.162737 0.516056 0.697890 0.321206 0.783396 0.216604 0.237436
0.666518 0.278098 0.463042 0.055384 0.230465 0.769535 0.679802
0.217122 0.501512 0.696555 0.281366 0.772913 0.227087 0.304398
0.800069 0.076145 0.329494 0.123786 0.005537 0.994463 0.202597
0.724822 0.138525 0.493326 0.136653 0.027130 0.972870 0.950309
0.218383 0.776093 0.111439 0.005524 0.260304 0.739696 0.980681
0.790232 0.092579 0.666208 0.117188 0.143419 0.856581 0.488122
0.332726 0.048128 0.611319 0.619146 0.432738 0.567262 0.795767
0.112540 0.217414 0.885453 0.670046 0.012890 0.987110 0.026509
0.317288 0.368234 0.322825 0.314478 0.902723 0.097277 0.015016
0.047647 0.057673 0.132451 0.894680 0.878363 0.121637 0.540973
0.126927 0.701745 0.088977 0.171328 0.759356 0.240644 0.238366
0.740037 0.231751 0.883456 0.028211 0.028598 0.971402 0.637997
0.264310 0.252410 0.949458 0.483280 0.970723 0.029277 0.875629
0.061998 0.704492 0.779380 0.233510 0.205583 0.794417 0.947451
0.096667 0.135424 0.134814 0.767909 0.632972 0.367028 0.419493
0.240134 0.407854 0.526351 0.352012 0.467139 0.532861 0.372585
0.008112 0.346912 0.767468 0.644976 0.499512 0.500488 0.444001
0.507505 0.230372 0.766475 0.262123 0.415789 0.584211 0.390961
0.053786 0.229409 0.024509 0.716805 0.655271 0.344729 0.232652
0.530900 0.260099 0.736482 0.209001 0.294650 0.705350 0.570378
0.242100 0.726473 0.875073 0.031426 0.667046 0.332954 0.103388
0.086538 0.436522 0.553678 0.476939 0.343522 0.656478 0.049412
0.561790 0.154317 0.215618 0.283894 0.404436 0.595564 0.329258
0.848437 0.105059 0.264226 0.046505 0.836763 0.163237 0.719970
0.227724 0.090288 0.882995 0.681988 0.003165 0.996835 0.342521
0.235818 0.178077 0.530468 0.586105 0.133519 0.866481 0.150377
0.703898 0.068670 0.370944 0.227432 0.118951 0.881049 0.647641
0.222339 0.235143 0.565861 0.542518 0.170701 0.829299 0.011160
0.220114 0.061854 0.624550 0.718033 0.572950 0.427050 0.497585
0.472986 0.429221 0.738971 0.097792 0.451081 0.548919 0.737212
0.171051 0.795644 0.174216 0.033305 0.055224 0.944776 0.849690
0.397745 0.012289 0.531264 0.589966 0.263585 0.736415 0.940502
0.235162 0.178800 0.532913 0.586038 0.713070 0.286930 0.606106
0.360710 0.394542 0.531412 0.244748 0.063588 0.936412 0.321113
0.074748 0.676778 0.647698 0.248474 0.603080 0.396920 0.376075
0.100665 0.449240 0.551746 0.450095 0.849062 0.150938 0.288876
0.586274 0.136523 0.641498 0.277203 0.255571 0.744429 0.897014
0.039243 0.066017 0.368845 0.894739 0.307048 0.692952 0.570508
0.247549 0.535258 0.960619 0.217192 0.805670 0.194330 0.315721
0.321330 0.090446 0.475364 0.588224 0.070973 0.929027 0.852741
0.392086 0.158026 0.995166 0.449888 0.604267 0.395733 0.197810
0.095831 0.884511 0.829404 0.019658 0.747715 0.252285 0.647577
0.036591 0.379086 0.292162 0.584322 0.370375 0.629625 0.057176
0.267388 0.130035 0.574436 0.602577 0.096419 0.903581 0.766268
0.666927 0.155058 0.472597 0.178014 0.549076 0.450924 0.782605
0.864797 0.019577 0.935770 0.115627 0.103934 0.896066 0.359737
0.327855 0.628820 0.560942 0.043324 0.909849 0.090151 0.323021
0.107659 0.433625 0.855374 0.458715 0.418852 0.581148 0.370688
0.066429 0.825536 0.436804 0.108034 0.786366 0.213634 0.184128
0.704192 0.139350 0.939961 0.156458 0.581551 0.418449 0.278628
0.347819 0.259069 0.896895 0.393111 0.100614 0.899386 0.079486
0.761692 0.121526 0.987153 0.116782 0.963860 0.036140 0.697462
0.323597 0.620231 0.233447 0.056172 0.025317 0.974683 0.504771
0.341106 0.007232 0.767190 0.651662 0.046055 0.953945 0.196480
0.416743 0.416876 0.203109 0.166381 0.088446 0.911554 0.270423
0.046651 0.225922 0.854125 0.727426 0.974615 0.025385 0.986613
0.201944 0.051299 0.353857 0.746757 0.593502 0.406498 0.098840
0.237076 0.435912 0.636847 0.327012 0.860532 0.139468 0.224228
0.557994 0.402451 0.583311 0.039555 0.168057 0.831943 0.193891
0.672827 0.258821 0.718883 0.068352 0.534997 0.465003 0.698838
0.135626 0.595851 0.819923 0.268523 0.532458 0.467542 0.338735
0.092496 0.710385 0.777496 0.197119 0.385387 0.614613 0.946621
0.030740 0.341260 0.965501 0.628000 0.148565 0.851435 0.384597
0.247405 0.391084 0.107937 0.361511 0.621673 0.378327 0.275336
0.665930 0.179971 0.013958 0.154099 0.235781 0.764219 0.249241
0.429672 0.257113 0.964669 0.313215 0.180889 0.819111 0.405668
0.696145 0.183582 0.412185 0.120273 0.541294 0.458706 0.516068
0.215066 0.664963 0.265416 0.119971 0.608565 0.391435 0.992562
0.555186 0.082230 0.703751 0.362584 0.023302 0.976698 0.602917
0.407899 0.543257 0.029572 0.048844 0.241405 0.758595 0.059092
0.516742 0.358731 0.752522 0.124527 0.725022 0.274978 0.889431
0.182194 0.792069 0.155152 0.025737 0.576216 0.423784 0.146863
0.034879 0.947005 0.523178 0.018116 0.843008 0.156992 0.447064
0.359076 0.044130 0.967641 0.596793 0.662131 0.337869 0.668623
0.522827 0.131866 0.677995 0.345307 0.306039 0.693961 0.226578
0.085894 0.823061 0.150361 0.091045 0.177733 0.822267 0.115466
0.236825 0.430277 0.961848 0.332898 0.990939 0.009061 0.419625
0.880370 0.055740 0.456586 0.063890 0.601819 0.398181 0.091262
0.438470 0.310212 0.591690 0.251318 0.126141 0.873859 0.961647
0.573206 0.377561 0.235336 0.049234 0.364854 0.635146 0.918407
0.033477 0.856552 0.339516 0.109971 0.441234 0.558766 0.568025
0.248471 0.419341 0.845545 0.332189 0.653919 0.346081 0.398831
0.082370 0.687015 0.760325 0.230615 0.065934 0.934066 0.044217
0.485559 0.155136 0.087377 0.359305 0.980328 0.019672 0.097281
0.071590 0.764469 0.197731 0.163941 0.535750 0.464250 0.427749
0.497397 0.273539 0.862251 0.229064 0.378515 0.621485 0.006272
0.296922 0.598806 0.738156 0.104272 0.896302 0.103698 0.235244
0.405967 0.058359 0.118245 0.535674 0.483715 0.516285 0.251512
0.882546 0.005085 0.948480 0.112369 0.333882 0.666118 0.647955
0.378099 0.055939 0.358427 0.565961 0.288650 0.711350 0.521416
0.385931 0.044086 0.921681 0.569984 0.357475 0.642525 0.627747
0.419078 0.366146 0.163739 0.214776 0.398683 0.601317 0.281329
0.404956 0.055705 0.301257 0.539339 0.177058 0.822942 0.198817
0.412302 0.353282 0.896016 0.234416 0.604784 0.395216 0.883829
0.778563 0.077733 0.190178 0.143704 0.771460 0.228540 0.727043
0.419415 0.148861 0.708066 0.431723 0.161081 0.838919 0.926704
0.093996 0.588501 0.039972 0.317503 0.356720 0.643280 0.015677
0.825196 0.159271 0.383151 0.015533 0.434755 0.565245 0.988934
0.716084 0.072022 0.893142 0.211894 0.449595 0.550405 0.089364
0.305444 0.342968 0.253196 0.351588 0.854948 0.145052 0.201460
0.109491 0.629285 0.510237 0.261223 0.980023 0.019977 0.299669
0.707066 0.222587 0.868147 0.070347 0.867946 0.132054 0.637718
0.550644 0.244005 0.151369 0.205351 0.731714 0.268286 0.590617
0.135836 0.611555 0.182146 0.252609 0.415812 0.584188 0.518987
0.404747 0.493483 0.854342 0.101770 0.307093 0.692907 0.791372
0.396457 0.106296 0.251405 0.497246 0.096816 0.903184 0.755949
0.298276 0.691905 0.278300 0.009818 0.865441 0.134559 0.500419
0.165110 0.820256 0.033055 0.014635 0.430071 0.569929 0.853513
0.067789 0.759915 0.799503 0.172295 0.404157 0.595843 0.979074
0.546894 0.447879 0.410586 0.005226 0.114910 0.885090 0.729040
0.633897 0.181435 0.940991 0.184667 0.627270 0.372730 0.669674
0.337448 0.081195 0.515459 0.581357 0.172428 0.827572 0.588852
0.813735 0.114642 0.793818 0.071623 0.579034 0.420966 0.092035
0.079453 0.879475 0.509524 0.041072 0.077400 0.922600 0.991983
0.577313 0.353600 0.335070 0.069087 0.819688 0.180312 0.376817
0.329843 0.468918 0.913672 0.201238 0.923711 0.076289 0.740429
0.547569 0.105182 0.280022 0.347249 0.555762 0.444238 0.488560
0.225436 0.473228 0.397864 0.301336 0.826007 0.173993 0.214123
0.326242 0.088618 0.993894 0.585140 0.027859 0.972141 0.120060
0.073347 0.046547 0.197294 0.880107 0.078987 0.921013 0.582871
0.070970 0.057236 0.890658 0.871794 0.160184 0.839816 0.463276
0.537001 0.152419 0.460712 0.310580 0.793120 0.206880 0.603092
0.113463 0.420086 0.089311 0.466451 0.150661 0.849339 0.393485
0.314747 0.324473 0.465228 0.360779 0.092149 0.907851 0.712612
0.306272 0.573815 0.334131 0.119912 0.038853 0.961147 0.873982
0.158913 0.295111 0.237900 0.545976 0.947328 0.052672 0.651318
0.308870 0.221328 0.690383 0.469801 0.779524 0.220476 0.199528
0.227383 0.015417 0.035920 0.757200 0.888948 0.111052 0.688095
0.492039 0.077429 0.642700 0.430531 0.801558 0.198442 0.658780
0.195042 0.086878 0.287192 0.718079 0.973527 0.026473 0.747149
0.593464 0.092674 0.724991 0.313862 0.627236 0.372764 0.927595
0.501218 0.382686 0.448546 0.116096 0.381619 0.618381 0.121804
0.032937 0.945808 0.812461 0.021255 0.430674 0.569326 0.669127
0.055261 0.574941 0.519150 0.369798 0.896510 0.103490 0.091181
0.011190 0.573416 0.386163 0.415395 0.660650 0.339350 0.653890
0.319430 0.261776 0.292956 0.418795 0.935811 0.064189 0.868397
0.682959 0.296135 0.310196 0.020906 0.461861 0.538139 0.704086
0.389455 0.421958 0.771074 0.188586 0.587990 0.412010 0.259960
0.709794 0.094217 0.140468 0.195989 0.238705 0.761295 0.616471
0.770670 0.137161 0.804342 0.092168 0.671733 0.328267 0.289821
0.388947 0.373966 0.423564 0.237086 0.301010 0.698990 0.775110
0.742994 0.211906 0.890711 0.045100 0.356316 0.643684 0.035950
0.224713 0.348957 0.686574 0.426330 0.015044 0.984956 0.883866
0.076029 0.643101 0.307120 0.280870 0.695279 0.304721 0.847103
0.016914 0.938325 0.193944 0.044761 0.651114 0.348886 0.157382
0.101776 0.165810 0.939318 0.732415 0.928052 0.071948 0.906118
0.217873 0.484359 0.518883 0.297768 0.295065 0.704935 0.125796
0.070176 0.403607 0.426492 0.526217 0.868790 0.131210 0.364493
0.651205 0.253535 0.919784 0.095260 0.938163 0.061837 0.337778
0.638914 0.183115 0.517308 0.177971 0.413808 0.586192 0.946034
0.260911 0.211637 0.912025 0.527452 0.962948 0.037052 0.666491
0.120330 0.059281 0.048382 0.820390 0.768267 0.231733 0.118929
0.266255 0.408130 0.969450 0.325615 0.821161 0.178839 0.785138
0.039626 0.907331 0.815746 0.053043 0.258920 0.741080 0.466117
0.623414 0.097072 0.561577 0.279514 0.117322 0.882678 0.640270
0.383606 0.071495 0.868908 0.544900 0.279184 0.720816 0.900914
0.129819 0.095399 0.188166 0.774782 0.373462 0.626538 0.041844
0.039953 0.268543 0.808220 0.691504 0.221454 0.778546 0.356878
0.340383 0.142222 0.161544 0.517395 0.623133 0.376867 0.452055
0.108500 0.299770 0.667191 0.591730 0.491680 0.508320 0.924247
0.290605 0.667193 0.075119 0.042203 0.644733 0.355267 0.852182
0.285003 0.245217 0.564187 0.469780 0.235787 0.764213 0.399127
0.136701 0.652703 0.510163 0.210595 0.528946 0.471054 0.977570
0.550116 0.020674 0.792244 0.429210 0.286066 0.713934 0.358335
0.132627 0.510317 0.266077 0.357056 0.840940 0.159060 0.294171
0.292995 0.381352 0.784675 0.325653 0.402671 0.597329 0.341538
0.326918 0.415554 0.971651 0.257528 0.632143 0.367857 0.817591
0.256653 0.227671 0.720111 0.515676 0.347811 0.652189 0.820840
0.746938 0.109874 0.275885 0.143187 0.610245 0.389755 0.366975
0.587815 0.258860 0.873881 0.153325 0.917091 0.082909 0.638919
0.275426 0.241399 0.116366 0.483175 0.771546 0.228454 0.782902
0.065717 0.343644 0.468388 0.590639 0.457249 0.542751 0.194036
0.795306 0.003480 0.430929 0.201213 0.936508 0.063492 0.766957
0.754099 0.161154 0.101910 0.084747 0.023610 0.976390 0.635365
0.844450 0.004398 0.454695 0.151151 0.492177 0.507823 0.124734
0.042510 0.816643 0.776244 0.140847 0.971408 0.028592 0.916391
0.051670 0.558658 0.381874 0.389672 0.433216 0.566784 0.168037
0.216118 0.231474 0.673366 0.552409 0.577398 0.422602 0.915980
0.472153 0.299281 0.707941 0.228567 0.711286 0.288714 0.903082
0.462040 0.016202 0.501853 0.521757 0.818335 0.181665 0.563951
0.346304 0.107396 0.945877 0.546300 0.412799 0.587201 0.800999
0.537533 0.267497 0.508941 0.194970 0.843508 0.156492 0.581273
0.119269 0.640630 0.193115 0.240101 0.632943 0.367057 0.501143
0.409233 0.391747 0.378378 0.199020 0.948735 0.051265 0.082599
0.149811 0.714903 0.576000 0.135286 0.554752 0.445248 0.857752
0.054243 0.403591 0.276168 0.542167 0.319792 0.680208 0.556096
0.729868 0.153875 0.296542 0.116257 0.902400 0.097600 0.675745
0.703398 0.130677 0.546907 0.165925 0.480774 0.519226 0.343017
0.062048 0.244759 0.694991 0.693194 0.462286 0.537714 0.499921
0.495971 0.467458 0.912164 0.036571 0.909154 0.090846 0.874348
0.776878 0.214876 0.546505 0.008247 0.024159 0.975841 0.352878
0.004338 0.877573 0.201704 0.118089 0.407120 0.592880 0.280507
0.085447 0.877770 0.865616 0.036784 0.010375 0.989625 0.381989
0.569014 0.117106 0.166894 0.313880 0.216064 0.783936 0.115921
0.228942 0.330139 0.021367 0.440919 0.422727 0.577273 0.923932
0.922648 0.062147 0.831803 0.015204 0.419903 0.580097 0.896959
0.294252 0.529304 0.318411 0.176444 0.673837 0.326163 0.370061
0.026715 0.173608 0.433835 0.799678 0.374400 0.625600 0.402026
0.397051 0.257855 0.665281 0.345094 0.487473 0.512527 0.262667
0.351401 0.518061 0.085526 0.130538 0.831681 0.168319 0.518295
0.644607 0.302995 0.370329 0.052398 0.747237 0.252763 0.665974
0.292977 0.378192 0.091072 0.328831 0.650770 0.349230 0.124780
0.385324 0.162405 0.221566 0.452271 0.948336 0.051664 0.703735
0.248281 0.070116 0.692797 0.681603 0.904057 0.095943 0.682116
0.306083 0.041620 0.793556 0.652297 0.079167 0.920833 0.012984
0.341834 0.321184 0.173515 0.336982 0.364385 0.635615 0.748544
0.121117 0.761563 0.629917 0.117320 0.393151 0.606849 0.491446
0.059125 0.241960 0.709895 0.698914 0.784423 0.215577 0.392158
0.257624 0.651579 0.857539 0.090797 0.777482 0.222518 0.479190
0.175936 0.305281 0.385274 0.518783 0.727471 0.272529 0.868733
0.409587 0.281771 0.488754 0.308643 0.216436 0.783564 0.484913
0.229420 0.601168 0.593805 0.169412 0.147931 0.852069 0.004103
0.476485 0.419990 0.289626 0.103525 0.125220 0.874780 0.106402
0.348751 0.267915 0.401089 0.383334 0.407487 0.592513 0.058646
0.310292 0.489353 0.577127 0.200355 0.316270 0.683730 0.167831
0.058344 0.737116 0.522932 0.204539 0.343768 0.656232 0.443618
0.212501 0.720018 0.428937 0.067481 0.134976 0.865024 0.421272
0.619889 0.038467 0.767820 0.341643 0.251860 0.748140 0.252162
0.255963 0.408333 0.381183 0.335705 0.728647 0.271353 0.953921
0.835049 0.162800 0.242536 0.002151 0.302672 0.697328 0.398938
0.042181 0.319137 0.677588 0.638682 0.709230 0.290770 0.619309
0.473048 0.404013 0.220829 0.122938 0.677653 0.322347 0.995980
0.121271 0.312059 0.256247 0.566670 0.928499 0.071501 0.862267
0.349771 0.526366 0.601631 0.123863 0.520623 0.479377 0.643957
0.772785 0.084808 0.501432 0.142407 0.308252 0.691748 0.238776
0.262173 0.074308 0.564845 0.663519 0.236625 0.763375 0.579017
0.635563 0.290600 0.344793 0.073837 0.621199 0.378801 0.603751
0.221855 0.018652 0.918160 0.759493 0.076799 0.923201 0.442684
0.039431 0.033348 0.001278 0.927220 0.876014 0.123986 0.295678
0.351049 0.387232 0.258905 0.261719 0.171815 0.828185 0.952680
0.031690 0.784082 0.124024 0.184228 0.810273 0.189727 0.533122
0.049049 0.337148 0.285674 0.613803 0.869604 0.130396 0.951042
0.448621 0.472616 0.069820 0.078763 0.877205 0.122795 0.266030
0.310327 0.170629 0.557756 0.519044 0.487885 0.512115 0.228487
0.630535 0.300034 0.806584 0.069431 0.267918 0.732082 0.631813
0.544865 0.018731 0.735411 0.436404 0.982863 0.017137 0.803769
0.551183 0.384360 0.745816 0.064458 0.835459 0.164541 0.675207
0.368582 0.426283 0.238186 0.205135 0.061404 0.938596 0.080539
0.012446 0.674360 0.889652 0.313193 0.001776 0.998224 0.756626
0.267806 0.102802 0.755691 0.629392 0.066953 0.933047 0.928363
0.295440 0.390820 0.563358 0.313740 0.558899 0.441101 0.492844
0.126954 0.063759 0.173575 0.809288 0.037709 0.962291 0.862365
0.109117 0.732361 0.676938 0.158522 0.413547 0.586453 0.854933
0.045519 0.043235 0.150158 0.911246 0.649797 0.350203 0.283705
0.162604 0.567733 0.732113 0.269663 0.970511 0.029489 0.052255
0.727138 0.272781 0.794091 0.000081 0.422863 0.577137 0.755610
0.089531 0.261696 0.910125 0.648773 0.441870 0.558130 0.652888
0.100838 0.833876 0.972423 0.065286 0.779842 0.220158 0.274412
0.642207 0.171694 0.055754 0.186099 0.383530 0.616470 0.490839
0.144508 0.093954 0.888260 0.761538 0.536358 0.463642 0.294666
0.618596 0.201467 0.790574 0.179937 0.457270 0.542730 0.350709
0.509525 0.008187 0.932388 0.482288 0.350627 0.649373 0.311803
0.106237 0.177378 0.548107 0.716385 0.401334 0.598666 0.193740
0.054222 0.428599 0.834064 0.517179 0.294578 0.705422 0.455244
0.476271 0.092719 0.952520 0.431009 0.269146 0.730854 0.532025
0.190982 0.569002 0.296342 0.240016 0.676533 0.323467 0.079242
0.116405 0.854794 0.428469 0.028801 0.697838 0.302162 0.906980
0.048547 0.889447 0.399174 0.062006 0.424692 0.575308 0.870382
0.505412 0.231083 0.137829 0.263505 0.153997 0.846003 0.053519
0.192051 0.155687 0.642316 0.652262 0.536340 0.463660 0.026115
0.211306 0.780278 0.260730 0.008415 0.502387 0.497613 0.163826
0.020715 0.013697 0.710945 0.965588 0.354809 0.645191 0.317057
0.434051 0.248093 0.131889 0.317856 0.433462 0.566538 0.110613
0.180436 0.160006 0.765134 0.659558 0.048606 0.951394 0.579610
0.501629 0.417359 0.072986 0.081012 0.085022 0.914978 0.639458
0.138541 0.282182 0.674881 0.579277 0.831509 0.168491 0.063039
0.666466 0.191159 0.360011 0.142376 0.274345 0.725655 0.927196
0.394423 0.043749 0.792980 0.561829 0.947910 0.052090 0.105368
0.227031 0.037937 0.698430 0.735033 0.787512 0.212488 0.358920
0.038872 0.859252 0.946731 0.101876 0.539356 0.460644 0.804006
0.118966 0.746753 0.203988 0.134281 0.305635 0.694365 0.938705
0.342529 0.602564 0.776602 0.054907 0.359428 0.640572 0.017410
0.422467 0.211760 0.696811 0.365774 0.683875 0.316125 0.994237
0.134983 0.476088 0.558981 0.388929 0.388660 0.611340 0.927963
0.494027 0.329922 0.281539 0.176051 0.154993 0.845007 0.522379
0.179663 0.334250 0.053269 0.486087 0.561251 0.438749 0.126394
0.172235 0.193022 0.670892 0.634743 0.992113 0.007887 0.376222
0.615985 0.314833 0.290246 0.069182 0.718751 0.281249 0.392587
0.712713 0.023448 0.420036 0.263839 0.026813 0.973187 0.409524
0.021050 0.010057 0.409710 0.968893 0.544507 0.455493 0.590088
0.472469 0.431268 0.627463 0.096263 0.414037 0.585963 0.185276
0.141376 0.795040 0.497667 0.063584 0.364939 0.635061 0.194644
0.491333 0.371590 0.483447 0.137076 0.366879 0.633121 0.533816
0.414265 0.328836 0.461852 0.256899 0.149801 0.850199 0.704511
0.198012 0.344376 0.569202 0.457612 0.417224 0.582776 0.618048
0.590252 0.236496 0.371255 0.173252 0.649155 0.350845 0.999961
0.239243 0.604481 0.653280 0.156276 0.903698 0.096302 0.471187
0.088974 0.500722 0.453914 0.410304 0.612562 0.387438 0.087363
0.807206 0.138041 0.174085 0.054753 0.950287 0.049713 0.428694
0.484103 0.433083 0.633904 0.082814 0.842959 0.157041 0.379038
0.176292 0.371178 0.964694 0.452530 0.577050 0.422950 0.745494
0.195098 0.596344 0.844253 0.208558 0.335746 0.664254 0.162697
0.083497 0.252211 0.239406 0.664293 0.006421 0.993579 0.736777
0.328380 0.149228 0.090170 0.522392 0.326473 0.673527 0.782294
0.413836 0.483540 0.364123 0.102624 0.727541 0.272459 0.071461
0.156235 0.691991 0.999194 0.151775 0.988647 0.011353 0.482129
0.367685 0.178980 0.944735 0.453336 0.658422 0.341578 0.511359
0.139833 0.264082 0.739662 0.596084 0.302801 0.697199 0.984087
0.075369 0.390129 0.471919 0.534502 0.067583 0.932417 0.314775
0.804360 0.145167 0.130833 0.050473 0.643155 0.356845 0.039697
0.425448 0.119221 0.152989 0.455331 0.937074 0.062926 0.908792
0.008535 0.300689 0.997182 0.690776 0.757017 0.242983 0.308418
0.239147 0.125720 0.897568 0.635133 0.855083 0.144917 0.309602
0.301484 0.064957 0.669243 0.633559 0.449435 0.550565 0.041146
0.134741 0.298781 0.501105 0.566478 0.116515 0.883485 0.606660
0.305466 0.125824 0.074444 0.568711 0.556188 0.443812 0.436299
0.499893 0.095993 0.532959 0.404115 0.980968 0.019032 0.652882
0.541494 0.348267 0.646778 0.110240 0.962106 0.037894 0.538676
0.270524 0.615400 0.125607 0.114075 0.903542 0.096458 0.783493
0.213144 0.278904 0.662579 0.507952 0.084977 0.915023 0.161291
0.096101 0.030022 0.242638 0.873877 0.296032 0.703968 0.597207
0.673927 0.228765 0.458880 0.097308 0.902672 0.097328 0.748371
0.054765 0.284206 0.319940 0.661029 0.248264 0.751736 0.587724
0.209700 0.691445 0.863252 0.098854 0.129218 0.870782 0.856478
0.133776 0.534118 0.571436 0.332106 0.742403 0.257597 0.259383
0.525896 0.258684 0.610873 0.215420 0.751431 0.248569 0.447159
0.736996 0.175726 0.208754 0.087278 0.543260 0.456740 0.979634
0.111446 0.029021 0.043139 0.859533 0.653561 0.346439 0.570326
0.382111 0.019822 0.650196 0.598068 0.625092 0.374908 0.702051
0.212816 0.338526 0.342034 0.448658 0.911751 0.088249 0.414593
0.009928 0.758302 0.510632 0.231771 0.548369 0.451631 0.581364
0.036528 0.771224 0.559183 0.192248 0.365944 0.634056 0.647401
0.471905 0.341198 0.356363 0.186897 0.384398 0.615602 0.680658
0.364032 0.132798 0.017593 0.503170 0.792104 0.207896 0.539969
0.362431 0.057095 0.987522 0.580475 0.922080 0.077920 0.069721
0.200338 0.423792 0.535882 0.375869 0.621063 0.378937 0.542372
0.035656 0.268455 0.584025 0.695889 0.552300 0.447700 0.814743
0.133663 0.258114 0.499607 0.608223 0.851271 0.148729 0.950960
0.312710 0.185963 0.883071 0.501327 0.422864 0.577136 0.669073
0.103523 0.143580 0.895627 0.752897 0.165902 0.834098 0.264696
0.258058 0.447814 0.627952 0.294128 0.684221 0.315779 0.245580
0.252082 0.501860 0.375006 0.246058 0.445919 0.554081 0.787964
0.410662 0.577629 0.540591 0.011709 0.092075 0.907925 0.994687
0.674254 0.232564 0.758089 0.093182 0.386465 0.613535 0.173861
0.256762 0.080662 0.760289 0.662575 0.486571 0.513429 0.139833
0.155643 0.708168 0.321546 0.136188 0.386935 0.613065 0.759439
0.027417 0.624214 0.335852 0.348369 0.017497 0.982503 0.655369
0.089795 0.173283 0.708996 0.736923 0.907451 0.092549 0.464800
0.695415 0.001872 0.787490 0.302713 0.875462 0.124538 0.237878
0.694308 0.175841 0.256614 0.129851 0.912132 0.087868 0.452397
0.085994 0.508045 0.572565 0.405961 0.709160 0.290840 0.354328
0.728208 0.120784 0.235928 0.151008 0.218139 0.781861 0.049754
0.887559 0.090020 0.995076 0.022422 0.077171 0.922829 0.223411
0.258153 0.474387 0.639991 0.267460 0.313206 0.686794 0.967149
0.335406 0.442599 0.653468 0.221994 0.664436 0.335564 0.122896
0.523617 0.378697 0.814447 0.097686 0.817204 0.182796 0.780231
0.269602 0.630839 0.978761 0.099560 0.374270 0.625730 0.473005
0.728598 0.099156 0.946737 0.172246 0.201213 0.798787 0.063681
0.250967 0.673349 0.328138 0.075684 0.951240 0.048760 0.919391
0.060678 0.113973 0.487857 0.825349 0.177544 0.822456 0.700670
0.144693 0.121170 0.809129 0.734137 0.036076 0.963924 0.919331
0.158973 0.552471 0.976177 0.288557 0.442948 0.557052 0.525890
0.223179 0.022599 0.597449 0.754221 0.426330 0.573670 0.224540
0.326047 0.573288 0.100548 0.100665 0.052293 0.947707 0.272784
0.115975 0.235540 0.067215 0.648485 0.197100 0.802900 0.679654
0.116491 0.125376 0.294035 0.758133 0.740332 0.259668 0.729724
0.438728 0.002274 0.477078 0.558998 0.995587 0.004413 0.247857
0.636050 0.278867 0.357866 0.085082 0.959300 0.040700 0.612227
0.485190 0.095854 0.911521 0.418955 0.858006 0.141994 0.178494
0.082546 0.728310 0.134839 0.189144 0.504541 0.495459 0.911404
0.250814 0.526511 0.974425 0.222675 0.262920 0.737080 0.318029
0.090916 0.851658 0.682905 0.057427 0.559896 0.440104 0.384950
0.123907 0.165713 0.285207 0.710380 0.823678 0.176322 0.600985
0.071535 0.128589 0.030835 0.799876 0.237035 0.762965 0.557990
0.516026 0.333237 0.707268 0.150738 0.139035 0.860965 0.427546
0.317529 0.472285 0.822070 0.210186 0.238403 0.761597 0.924653
0.149807 0.449589 0.412727 0.400604 0.175467 0.824533 0.573821
0.355300 0.138196 0.053392 0.506504 0.664736 0.335264 0.038205
0.049686 0.293326 0.873364 0.656988 0.162112 0.837888 0.628219
0.763096 0.181803 0.000131 0.055101 0.828343 0.171657 0.975734
0.386333 0.463061 0.525368 0.150606 0.491760 0.508240 0.556662
0.842897 0.076410 0.157709 0.080693 0.346476 0.653524 0.664967
0.271128 0.036388 0.446595 0.692484 0.264362 0.735638 0.720243
0.838183 0.101908 0.502919 0.059909 0.075543 0.924457 0.993484
0.113748 0.438858 0.275859 0.447395 0.336496 0.663504 0.425969
0.038956 0.925759 0.793058 0.035285 0.370869 0.629131 0.039087
0.179390 0.167212 0.838363 0.653397 0.888481 0.111519 0.704758
0.445143 0.312527 0.791618 0.242330 0.547655 0.452345 0.915379
0.062747 0.149875 0.476984 0.787379 0.222895 0.777105 0.509342
0.315167 0.627971 0.018680 0.056862 0.449434 0.550566 0.818086
0.132428 0.310489 0.779413 0.557083 0.370691 0.629309 0.408287
0.744127 0.052533 0.167529 0.203339 0.447243 0.552757 0.537185
0.486331 0.027802 0.374811 0.485868 0.716575 0.283425 0.352495
0.421333 0.398621 0.968988 0.180046 0.110165 0.889835 0.611572
0.025543 0.156066 0.248438 0.818391 0.674319 0.325681 0.658593
0.183661 0.007914 0.633095 0.808424 0.973760 0.026240 0.210256
0.076012 0.715834 0.162537 0.208154 0.342684 0.657316 0.855425
0.750972 0.208226 0.198215 0.040802 0.599552 0.400448 0.126727
0.136737 0.547808 0.853313 0.315455 0.640859 0.359141 0.059357
0.274646 0.718708 0.103519 0.006646 0.879311 0.120689 0.243634
0.129062 0.361821 0.165203 0.509116 0.425244 0.574756 0.377500
0.083837 0.265027 0.057597 0.651136 0.569076 0.430924 0.981959
0.779332 0.070111 0.122016 0.150557 0.057971 0.942029 0.011980
0.872988 0.040408 0.512948 0.086604 0.971178 0.028822 0.071203
0.097906 0.551780 0.738765 0.350314 0.755748 0.244252 0.502998
0.732119 0.082986 0.694416 0.184895 0.777644 0.222356 0.835638
0.021278 0.164022 0.446522 0.814700 0.964700 0.035300 0.350503
0.342201 0.188158 0.911277 0.469641 0.699367 0.300633 0.587956
0.681326 0.009283 0.739298 0.309391 0.437399 0.562601 0.812626
0.449379 0.203314 0.420558 0.347306 0.685614 0.314386 0.165642
0.518463 0.238353 0.512565 0.243183 0.815328 0.184672 0.257228
0.318326 0.009344 0.095970 0.672329 0.989347 0.010653 0.022087
0.117249 0.707736 0.789686 0.175015 0.207387 0.792613 0.563771
0.131886 0.426004 0.257257 0.442110 0.094130 0.905870 0.043163
0.682085 0.256498 0.119484 0.061417 0.733772 0.266228 0.677881
0.546398 0.022466 0.232012 0.431136 0.330575 0.669425 0.989422
0.496217 0.492612 0.311545 0.011172 0.507885 0.492115 0.501394
0.629871 0.135243 0.754461 0.234887 0.829064 0.170936 0.725841
0.579446 0.271705 0.058538 0.148849 0.843090 0.156910 0.369131
0.406861 0.209567 0.500990 0.383572 0.501018 0.498982 0.873685
0.183076 0.361105 0.277953 0.455819 0.812268 0.187732 0.302560
0.490148 0.334202 0.820723 0.175649 0.871424 0.128576 0.056363
0.316940 0.543906 0.368731 0.139154 0.045191 0.954809 0.628484
0.133844 0.412740 0.375649 0.453416 0.258355 0.741645 0.888305
0.226800 0.757397 0.827286 0.015804 0.467751 0.532249 0.285338
0.234147 0.602735 0.337900 0.163118 0.901766 0.098234 0.735138
0.775450 0.106630 0.587718 0.117920 0.918213 0.081787 0.160033
0.077866 0.142907 0.092198 0.779226 0.984384 0.015616 0.898589
0.040747 0.912297 0.085938 0.046956 0.215529 0.784471 0.321775
0.632522 0.211491 0.102369 0.155987 0.455620 0.544380 0.008171
0.086565 0.257360 0.811675 0.656075 0.234971 0.765029 0.913851
0.520308 0.128249 0.422074 0.351442 0.147999 0.852001 0.986457
0.197525 0.685611 0.801350 0.116864 0.868538 0.131462 0.785243
0.022123 0.006448 0.012955 0.971429 0.863109 0.136891 0.114321
0.053702 0.707997 0.977228 0.238301 0.067365 0.932635 0.139640
0.389140 0.432101 0.844760 0.178759 0.772162 0.227838 0.923609
0.188685 0.591648 0.015303 0.219668 0.010174 0.989826 0.000360
0.535611 0.388414 0.072024 0.075974 0.648918 0.351082 0.957686
0.635375 0.319785 0.503913 0.044840 0.155210 0.844790 0.756510
0.532484 0.407969 0.803562 0.059547 0.778633 0.221367 0.545439
0.565261 0.327694 0.960320 0.107046 0.599141 0.400859 0.542488
0.349460 0.389321 0.510943 0.261219 0.363729 0.636271 0.194220
0.287339 0.003936 0.297513 0.708725 0.382905 0.617095 0.306578
0.221539 0.161726 0.032182 0.616735 0.842189 0.157811 0.293563
0.667558 0.132317 0.955085 0.200125 0.248724 0.751276 0.171470
0.005233 0.890305 0.783867 0.104462 0.703955 0.296045 0.699100
0.249394 0.427427 0.848535 0.323179 0.264361 0.735639 0.637141
0.587316 0.219533 0.170579 0.193150 0.986601 0.013399 0.098259
0.180821 0.277097 0.563725 0.542082 0.389534 0.610466 0.755431
0.696112 0.250878 0.538301 0.053010 0.976970 0.023030 0.979173
0.270533 0.067643 0.519257 0.661824 0.646730 0.353270 0.293261
0.524490 0.293711 0.522155 0.181800 0.188799 0.811201 0.308357
0.771549 0.116350 0.152261 0.112101 0.985178 0.014822 0.620084
0.622318 0.336792 0.608919 0.040890 0.207401 0.792599 0.129689
0.305660 0.484080 0.695194 0.210260 0.587607 0.412393 0.353466
0.343038 0.048267 0.320008 0.608695 0.300456 0.699544 0.929606
0.279628 0.310913 0.926358 0.409459 0.267782 0.732218 0.109797
0.561043 0.183516 0.749842 0.255441 0.634287 0.365713 0.266714
0.637741 0.304903 0.927821 0.057356 0.038263 0.961737 0.790002
0.550140 0.108207 0.865748 0.341653 0.749112 0.250888 0.159059
0.171407 0.707394 0.466408 0.121199 0.948799 0.051201 0.866601
0.302265 0.507181 0.602721 0.190554 0.257906 0.742094 0.129454
0.187512 0.694836 0.455294 0.117651 0.719994 0.280006 0.808707
0.016337 0.813455 0.464079 0.170208 0.553266 0.446734 0.766178
0.406723 0.413257 0.858242 0.180021 0.403919 0.596081 0.334544
0.193921 0.322668 0.943033 0.483411 0.884684 0.115316 0.382337
0.043743 0.778090 0.992543 0.178166 0.553744 0.446256 0.288242
0.294808 0.125538 0.678252 0.579655 0.097687 0.902313 0.897528
0.227141 0.638623 0.947135 0.134236 0.779877 0.220123 0.321058
0.588584 0.188343 0.141850 0.223073 0.337395 0.662605 0.241005
0.103573 0.858256 0.507492 0.038171 0.647728 0.352272 0.820071
0.701413 0.280859 0.866956 0.017728 0.336661 0.663339 0.644446
0.718998 0.191702 0.272742 0.089301 0.466279 0.533721 0.903242
0.693087 0.061433 0.852208 0.245479 0.198049 0.801951 0.371339
0.079349 0.016229 0.875455 0.904422 0.237103 0.762897 0.026484
0.464039 0.094123 0.895556 0.441839 0.803411 0.196589 0.605888
0.044416 0.954713 0.692144 0.000871 0.567717 0.432283 0.506621
0.387789 0.286628 0.724449 0.325583 0.208034 0.791966 0.541373
0.443447 0.409033 0.318759 0.147520 0.452072 0.547928 0.716189
0.073280 0.282034 0.553363 0.644686 0.409277 0.590723 0.925488
0.648941 0.131675 0.017719 0.219384 0.004837 0.995163 0.524395
0.031322 0.544558 0.834733 0.424120 0.988434 0.011566 0.471436
0.594322 0.284827 0.162040 0.120851 0.470565 0.529435 0.571294
0.549828 0.427358 0.185220 0.022814 0.245710 0.754290 0.274278
0.037701 0.749382 0.239155 0.212917 0.717725 0.282275 0.356460
0.433914 0.160555 0.843191 0.405531 0.429740 0.570260 0.147832
0.355229 0.268577 0.360066 0.376194 0.796773 0.203227 0.641525
0.321168 0.070220 0.309602 0.608612 0.217405 0.782595 0.226121
0.688840 0.215084 0.159405 0.096076 0.105270 0.894730 0.065964
0.136591 0.539972 0.922273 0.323437 0.615792 0.384208 0.321811
0.709356 0.180714 0.607795 0.109930 0.359512 0.640488 0.948511
0.041709 0.674263 0.145713 0.284028 0.542980 0.457020 0.884900
0.500942 0.189870 0.487585 0.309188 0.508706 0.491294 0.861008
0.150231 0.658522 0.367635 0.191247 0.252396 0.747604 0.118355
0.056475 0.422041 0.583786 0.521483 0.022280 0.977720 0.215880
0.088244 0.172106 0.704036 0.739650 0.352471 0.647529 0.182623
0.594106 0.080176 0.033794 0.325718 0.891979 0.108021 0.201901
0.749766 0.090724 0.383470 0.159510 0.243610 0.756390 0.895479
0.074281 0.054229 0.637216 0.871490 0.396421 0.603579 0.561866
0.257429 0.530018 0.509825 0.212554 0.370619 0.629381 0.155082
0.488974 0.499367 0.511254 0.011659 0.211557 0.788443 0.572128
0.427437 0.172061 0.779908 0.400502 0.832477 0.167523 0.303534
0.015100 0.439090 0.907079 0.545810 0.897640 0.102360 0.487984
0.099542 0.648027 0.343152 0.252431 0.237751 0.762249 0.131039
0.133229 0.338433 0.529650 0.528338 0.205320 0.794680 0.108878
0.767186 0.019893 0.137805 0.212921 0.896324 0.103676 0.296903
0.051406 0.575373 0.262963 0.373221 0.285244 0.714756 0.138033
0.690400 0.166972 0.689849 0.142628 0.737530 0.262470 0.470307
0.041064 0.663885 0.938704 0.295051 0.924497 0.075503 0.612029
0.038246 0.374235 0.650232 0.587518 0.359598 0.640402 0.381398
0.490637 0.292825 0.695957 0.216538 0.853061 0.146939 0.313112
0.463142 0.498796 0.858263 0.038061 0.100190 0.899810 0.600947
0.397094 0.512575 0.682338 0.090331 0.227726 0.772274 0.172632
0.365758 0.173952 0.103289 0.460290 0.863031 0.136969 0.229559
0.144353 0.188986 0.257836 0.666661 0.934509 0.065491 0.083057
0.546537 0.123781 0.906135 0.329682 0.121303 0.878697 0.320550
0.396771 0.105931 0.355763 0.497298 0.104012 0.895988 0.092728
0.317701 0.099422 0.517314 0.582877 0.555870 0.444130 0.175964
0.156818 0.757590 0.384543 0.085593 0.085633 0.914367 0.596745
0.258265 0.492037 0.121297 0.249698 0.136455 0.863545 0.853590
0.366015 0.088621 0.300523 0.545365 0.997943 0.002057 0.712472
0.081000 0.766060 0.202304 0.152940 0.382789 0.617211 0.753195
0.703339 0.001666 0.807351 0.294994 0.149966 0.850034 0.060768
0.224474 0.018220 0.798565 0.757306 0.378470 0.621530 0.741788
0.554434 0.400948 0.640068 0.044618 0.656195 0.343805 0.339926
0.252941 0.645392 0.389396 0.101667 0.090227 0.909773 0.019629
0.755410 0.188407 0.941761 0.056182 0.474265 0.525735 0.055934
0.022761 0.163975 0.569526 0.813264 0.902994 0.097006 0.225064
0.272865 0.383324 0.806155 0.343811 0.930070 0.069930 0.080216
0.048850 0.941988 0.369308 0.009162 0.304691 0.695309 0.847414
0.046479 0.877263 0.702674 0.076258 0.802797 0.197203 0.563809
0.142722 0.812892 0.232950 0.044385 0.462142 0.537858 0.345010
0.176767 0.305004 0.956036 0.518229 0.100421 0.899579 0.118528
0.142772 0.013582 0.059348 0.843646 0.141289 0.858711 0.712298
0.366353 0.349184 0.296423 0.284463 0.985163 0.014837 0.521692
0.065379 0.221882 0.370069 0.712739 0.570542 0.429458 0.656569
0.416548 0.001409 0.220753 0.582043 0.580311 0.419689 0.119222
0.144120 0.219356 0.606262 0.636524 0.074837 0.925163 0.596426
0.088034 0.331813 0.520268 0.580153 0.773193 0.226807 0.044070
0.676622 0.215099 0.033009 0.108279 0.186842 0.813158 0.735971
0.399362 0.499777 0.884302 0.100860 0.451508 0.548492 0.695785
0.949681 0.023519 0.543742 0.026800 0.983046 0.016954 0.319750
0.639614 0.322084 0.219925 0.038301 0.736298 0.263702 0.182452
0.364045 0.491475 0.930357 0.144480 0.545928 0.454072 0.970307
0.142354 0.207850 0.915547 0.649796 0.058341 0.941659 0.870472
0.102411 0.704857 0.289253 0.192732 0.547094 0.452906 0.840277
0.188392 0.094672 0.734573 0.716935 0.239640 0.760360 0.072695
0.707773 0.227652 0.918471 0.064575 0.022376 0.977624 0.251515
0.342126 0.215959 0.078425 0.441915 0.213214 0.786786 0.778010
0.395667 0.538279 0.941595 0.066055 0.142055 0.857945 0.864302
0.083949 0.028414 0.170704 0.887637 0.214506 0.785494 0.999496
0.084978 0.188137 0.632072 0.726885 0.806764 0.193236 0.562368
0.647041 0.268096 0.886681 0.084863 0.750760 0.249240 0.649710
0.822106 0.001349 0.845831 0.176545 0.357483 0.642517 0.740576
0.187957 0.421041 0.822212 0.391002 0.298661 0.701339 0.266381
0.076671 0.141207 0.218727 0.782121 0.200327 0.799673 0.159473
0.064629 0.266461 0.279135 0.668911 0.243422 0.756578 0.501793
0.242918 0.121195 0.049682 0.635887 0.774908 0.225092 0.996185
0.337275 0.359447 0.088035 0.303277 0.911322 0.088678 0.583404
0.561032 0.350458 0.918514 0.088510 0.405509 0.594491 0.757320
0.146085 0.381427 0.444747 0.472488 0.945277 0.054723 0.349724
0.211659 0.309759 0.411985 0.478582 0.567603 0.432397 0.740145
0.476614 0.250462 0.970498 0.272924 0.071234 0.928766 0.755749
0.213416 0.359611 0.347934 0.426973 0.119861 0.880139 0.263098
0.116046 0.569164 0.027368 0.314790 0.959820 0.040180 0.773245
0.543224 0.045175 0.948733 0.411601 0.684735 0.315265 0.506913
0.094819 0.347237 0.387333 0.557945 0.034426 0.965574 0.539565
0.384150 0.214842 0.951753 0.401009 0.060983 0.939017 0.010977
0.678829 0.122299 0.872362 0.198872 0.487591 0.512409 0.649327
0.243340 0.202049 0.363201 0.554612 0.862743 0.137257 0.793323
0.125841 0.353406 0.085661 0.520753 0.478533 0.521467 0.506614
0.251777 0.377108 0.936512 0.371115 0.095014 0.904986 0.577618
0.378568 0.223359 0.636353 0.398073 0.672437 0.327563 0.765900
0.020503 0.191499 0.272985 0.787998 0.364892 0.635108 0.972255
0.074113 0.301755 0.863460 0.624131 0.651084 0.348916 0.946475
0.106799 0.193612 0.163155 0.699589 0.391864 0.608136 0.470000
0.185186 0.103809 0.663719 0.711005 0.949247 0.050753 0.374657
0.455861 0.459635 0.550875 0.084504 0.003542 0.996458 0.852009
0.152802 0.428358 0.253597 0.418840 0.230577 0.769423 0.789155
0.465599 0.530878 0.361369 0.003523 0.809658 0.190342 0.738584
0.737238 0.044676 0.432998 0.218087 0.812697 0.187303 0.600697
0.733409 0.025763 0.151036 0.240827 0.707496 0.292504 0.896564
0.177496 0.158726 0.126743 0.663777 0.185559 0.814441 0.999941
0.560216 0.022388 0.563757 0.417396 0.915438 0.084562 0.133479
0.144917 0.622530 0.998023 0.232553 0.286281 0.713719 0.398514
0.075436 0.919064 0.885094 0.005500 0.864112 0.135888 0.355869
0.602696 0.064311 0.415394 0.332993 0.093107 0.906893 0.100005
0.174566 0.519238 0.401300 0.306196 0.833414 0.166586 0.325602
0.578796 0.151181 0.915537 0.270022 0.661825 0.338175 0.705539
0.475753 0.186014 0.577204 0.338234 0.288143 0.711857 0.039510
0.344651 0.076971 0.707903 0.578378 0.184427 0.815573 0.342674
0.582941 0.200398 0.447053 0.216661 0.337175 0.662825 0.668433
0.049749 0.643295 0.786151 0.306956 0.335440 0.664560 0.465143
0.435444 0.044511 0.268858 0.520045 0.639709 0.360291 0.881256
0.965312 0.033524 0.627136 0.001164 0.460052 0.539948 0.914373
0.165591 0.123311 0.453735 0.711097 0.390125 0.609875 0.866107
0.429635 0.445721 0.614062 0.124644 0.210758 0.789242 0.583259
0.197003 0.356429 0.890608 0.446567 0.366598 0.633402 0.644056
0.035030 0.548621 0.370470 0.416348 0.693806 0.306194 0.369803
0.158949 0.646966 0.798658 0.194085 0.849759 0.150241 0.074773
0.731015 0.032955 0.191067 0.236031 0.073609 0.926391 0.391106
0.356658 0.631323 0.378107 0.012019 0.680008 0.319992 0.810393
0.546115 0.261627 0.756874 0.192258 0.685749 0.314251 0.421805
0.269008 0.041298 0.635606 0.689694 0.618808 0.381192 0.200914
0.262864 0.407772 0.956670 0.329364 0.784566 0.215434 0.041107
0.115618 0.038751 0.004127 0.845631 0.847021 0.152979 0.914276
0.735142 0.186652 0.995403 0.078206 0.678245 0.321755 0.926209
0.069351 0.914033 0.749359 0.016616 0.282867 0.717133 0.361491
0.093260 0.202215 0.779009 0.704525 0.169233 0.830767 0.052349
0.048017 0.543020 0.209845 0.408963 0.362655 0.637345 0.683623
0.472709 0.090859 0.348134 0.436432 0.354260 0.645740 0.429379
0.395367 0.107136 0.242388 0.497497 0.544997 0.455003 0.506630
0.164181 0.295092 0.137518 0.540727 0.241772 0.758228 0.159584
0.167981 0.038888 0.450848 0.793131 0.142968 0.857032 0.956229
0.504459 0.039650 0.673691 0.455892 0.251704 0.748296 0.323117
0.264729 0.039324 0.666707 0.695947 0.371135 0.628865 0.474574
0.054758 0.175518 0.409018 0.769724 0.947283 0.052717 0.578410
0.376662 0.427722 0.921659 0.195616 0.080913 0.919087 0.046772
0.380932 0.206611 0.829315 0.412457 0.210954 0.789046 0.518451
0.370538 0.626759 0.513506 0.002704 0.725320 0.274680 0.448145
0.017964 0.663585 0.933253 0.318451 0.992253 0.007747 0.691656
0.237306 0.078065 0.686505 0.684630 0.956384 0.043616 0.904013
0.430958 0.310305 0.378241 0.258737 0.134289 0.865711 0.150281
0.712698 0.042205 0.793611 0.245097 0.954665 0.045335 0.676562
0.001437 0.379716 0.212391 0.618846 0.057495 0.942505 0.210469
0.575945 0.006983 0.301266 0.417072 0.207765 0.792235 0.096434
0.655910 0.326905 0.648163 0.017185 0.114398 0.885602 0.916068
0.806054 0.157479 0.762438 0.036467 0.153373 0.846627 0.650038
0.057386 0.136010 0.191675 0.806604 0.391301 0.608699 0.571638
0.541581 0.362791 0.496247 0.095627 0.326541 0.673459 0.697984
0.003103 0.494581 0.060598 0.502316 0.079137 0.920863 0.710075
0.289606 0.346937 0.497372 0.363457 0.293003 0.706997 0.937809
0.153282 0.236156 0.503835 0.610563 0.920624 0.079376 0.801444
0.309889 0.526802 0.990065 0.163309 0.764977 0.235023 0.072327
0.047451 0.367564 0.806316 0.584985 0.265724 0.734276 0.239126
0.347897 0.489464 0.163902 0.162639 0.143498 0.856502 0.844144
0.167006 0.674476 0.920619 0.158518 0.341828 0.658172 0.227604
0.051903 0.158323 0.344906 0.789774 0.864147 0.135853 0.707597
0.734343 0.067613 0.722580 0.198044 0.860879 0.139121 0.238178
0.559271 0.103052 0.427301 0.337677 0.548067 0.451933 0.549336
0.620394 0.221922 0.886118 0.157684 0.596787 0.403213 0.648632
0.723479 0.112433 0.979411 0.164088 0.996530 0.003470 0.887382
0.820893 0.019781 0.182502 0.159326 0.054387 0.945613 0.741512
0.234405 0.047586 0.146138 0.718009 0.951738 0.048262 0.579311
0.659335 0.288759 0.520214 0.051906 0.313654 0.686346 0.670674
0.182538 0.369294 0.099899 0.448168 0.229945 0.770055 0.609838
0.720294 0.058987 0.376068 0.220719 0.452154 0.547846 0.606412
0.100786 0.111194 0.097316 0.788020 0.329891 0.670109 0.191391
0.217272 0.720717 0.271660 0.062010 0.012284 0.987716 0.120492
0.553651 0.200146 0.705535 0.246203 0.354896 0.645104 0.699789
0.364870 0.569337 0.247861 0.065793 0.647883 0.352117 0.885085
0.318557 0.481136 0.548502 0.200307 0.067622 0.932378 0.899592
0.327783 0.349677 0.129615 0.322540 0.619886 0.380114 0.703851
0.226297 0.004104 0.556188 0.769599 0.915831 0.084169 0.327717
0.107222 0.666239 0.119506 0.226539 0.265707 0.734293 0.045121
0.386198 0.487105 0.741095 0.126697 0.598771 0.401229 0.578838
0.298560 0.376742 0.946443 0.324698 0.943708 0.056292 0.923162
0.264999 0.563793 0.896415 0.171207 0.722855 0.277145 0.813501
0.573875 0.048572 0.242333 0.377553 0.141284 0.858716 0.703490
0.468630 0.376505 0.760967 0.154865 0.933891 0.066109 0.024819
0.261608 0.606581 0.527315 0.131811 0.798280 0.201720 0.987695
0.843400 0.070113 0.442172 0.086487 0.860999 0.139001 0.654608
0.439836 0.300895 0.383544 0.259269 0.329909 0.670091 0.687174
0.212337 0.040735 0.975927 0.746928 0.952173 0.047827 0.108752
0.598374 0.167301 0.906959 0.234325 0.682627 0.317373 0.840707
0.386116 0.365978 0.320007 0.247905 0.309337 0.690663 0.513061
0.334156 0.247459 0.132436 0.418385 0.381250 0.618750 0.108930
0.368946 0.606890 0.229944 0.024164 0.022443 0.977557 0.418007
0.669781 0.007270 0.006960 0.322950 0.158739 0.841261 0.053325
0.260031 0.585882 0.798086 0.154087 0.265662 0.734338 0.235958
0.374414 0.189347 0.057041 0.436239 0.834332 0.165668 0.470720
0.443157 0.231881 0.984376 0.324962 0.222815 0.777185 0.763164
0.318531 0.417345 0.117126 0.264124 0.344779 0.655221 0.450967
0.453709 0.032363 0.476152 0.513928 0.426803 0.573197 0.716016
0.153202 0.691609 0.003549 0.155190 0.385796 0.614204 0.160161
0.439121 0.410341 0.704784 0.150538 0.420193 0.579807 0.647548
0.079198 0.576953 0.490482 0.343849 0.211309 0.788691 0.136238
0.165521 0.516509 0.904844 0.317970 0.579396 0.420604 0.149896
0.342560 0.298160 0.687340 0.359280 0.468428 0.531572 0.757846
0.141049 0.778346 0.346198 0.080605 0.243918 0.756082 0.617200
0.191008 0.768926 0.345730 0.040066 0.770402 0.229598 0.194557
0.784852 0.145712 0.350756 0.069436 0.044019 0.955981 0.489635
0.006907 0.684661 0.902877 0.308432 0.568833 0.431167 0.497389
0.584906 0.120165 0.284467 0.294929 0.662910 0.337090 0.489751
0.627027 0.185779 0.281234 0.187194 0.130471 0.869529 0.314367
0.200629 0.687689 0.132236 0.111682 0.455416 0.544584 0.546827
0.072616 0.019554 0.843018 0.907830 0.737835 0.262165 0.437900
0.773581 0.158811 0.976411 0.067608 0.222752 0.777248 0.124338
0.667979 0.044408 0.281221 0.287612 0.131244 0.868756 0.570856
0.628633 0.357659 0.291543 0.013708 0.155763 0.844237 0.270759
0.104350 0.541164 0.775985 0.354487 0.897786 0.102214 0.385584
0.212153 0.452149 0.667569 0.335698 0.586213 0.413787 0.796538
0.133039 0.607146 0.870874 0.259815 0.888708 0.111292 0.583203
0.326608 0.476658 0.549360 0.196734 0.356784 0.643216 0.779677
0.261747 0.219374 0.612366 0.518878 0.447656 0.552344 0.542968
0.018512 0.222487 0.174275 0.759001 0.529260 0.470740 0.532543
0.800019 0.019769 0.697806 0.180212 0.636892 0.363108 0.595773
0.022476 0.887483 0.608689 0.090041 0.260075 0.739925 0.577528
0.056613 0.685115 0.945320 0.258272 0.317713 0.682287 0.612602
0.271928 0.628987 0.257699 0.099085 0.415867 0.584133 0.821288
0.195544 0.543276 0.643200 0.261179 0.083035 0.916965 0.351187
0.626003 0.035710 0.155263 0.338287 0.592186 0.407814 0.835988
0.124729 0.830553 0.761621 0.044718 0.655776 0.344224 0.653088
0.251549 0.532549 0.511623 0.215903 0.563047 0.436953 0.392786
0.140575 0.427662 0.458287 0.431764 0.134514 0.865486 0.513556
0.359202 0.387913 0.162983 0.252885 0.785484 0.214516 0.616901
0.358527 0.248245 0.689807 0.393228 0.355722 0.644278 0.001727
0.315811 0.391098 0.299095 0.293091 0.663440 0.336560 0.471074
0.423823 0.075604 0.155203 0.500572 0.426356 0.573644 0.185444
0.079443 0.327309 0.642490 0.593248 0.969542 0.030458 0.918376
0.362328 0.420737 0.496842 0.216935 0.486612 0.513388 0.241352
0.000168 0.243789 0.785652 0.756043 0.600554 0.399446 0.406939
0.217455 0.174969 0.573178 0.607575 0.765466 0.234534 0.082232
0.280086 0.487107 0.430634 0.232806 0.398043 0.601957 0.579181
0.869116 0.060945 0.295472 0.069939 0.003004 0.996996 0.085265
0.188449 0.186467 0.157991 0.625085 0.492017 0.507983 0.017406
0.410393 0.109926 0.897004 0.479682 0.800470 0.199530 0.017160
0.041822 0.855350 0.642376 0.102828 0.261117 0.738883 0.682825
0.668056 0.191775 0.433523 0.140169 0.075250 0.924750 0.433009
0.157482 0.043235 0.555525 0.799284 0.713095 0.286905 0.631350
0.292276 0.132365 0.295281 0.575359 0.561412 0.438588 0.720113
0.483730 0.162947 0.138694 0.353323 0.095028 0.904972 0.641720
0.112434 0.436652 0.912904 0.450914 0.162039 0.837961 0.446090
0.179199 0.775527 0.440316 0.045274 0.343263 0.656737 0.597102
0.026088 0.082284 0.101337 0.891628 0.456933 0.543067 0.541895
0.258819 0.631123 0.603037 0.110058 0.742611 0.257389 0.814344
0.373961 0.521352 0.935373 0.104686 0.238984 0.761016 0.190594
0.582049 0.377048 0.054126 0.040903 0.674324 0.325676 0.720743
0.166560 0.149484 0.478083 0.683956 0.269829 0.730171 0.079464
0.657282 0.058638 0.059182 0.284080 0.034190 0.965810 0.097597
0.085270 0.546022 0.088225 0.368708 0.205969 0.794031 0.186607
0.747864 0.230303 0.490475 0.021833 0.445426 0.554574 0.581204
0.259770 0.604666 0.498754 0.135564 0.476518 0.523482 0.799809
0.457852 0.209261 0.341436 0.332888 0.381858 0.618142 0.511978
0.102601 0.554879 0.372431 0.342519 0.678537 0.321463 0.135564
0.088350 0.669651 0.792191 0.241999 0.792845 0.207155 0.147533
0.423483 0.466960 0.096412 0.109557 0.232803 0.767197 0.511708
0.419410 0.424866 0.864836 0.155724 0.489875 0.510125 0.334751
0.071079 0.053527 0.547597 0.875394 0.199187 0.800813 0.623360
0.214709 0.784287 0.380854 0.001004 0.081212 0.918788 0.556145
0.483456 0.109733 0.271727 0.406811 0.213626 0.786374 0.855886
0.029728 0.319462 0.142035 0.650810 0.944237 0.055763 0.821919
0.032478 0.059292 0.324572 0.908231 0.245402 0.754598 0.128889
0.743982 0.013127 0.246984 0.242891 0.973165 0.026835 0.608818
0.307916 0.010147 0.507102 0.681937 0.733423 0.266577 0.865660
0.356783 0.149315 0.437995 0.493902 0.080369 0.919631 0.886952
0.031184 0.605330 0.850140 0.363486 0.370408 0.629592 0.302911
0.199330 0.026965 0.170531 0.773705 0.332639 0.667361 0.341365
0.154557 0.107743 0.399959 0.737699 0.373842 0.626158 0.586873
0.157068 0.345663 0.475897 0.497268 0.330854 0.669146 0.404052
0.783812 0.155860 0.673096 0.060328 0.722115 0.277885 0.290915
0.029879 0.557895 0.668143 0.412226 0.797013 0.202987 0.467874
0.304657 0.379308 0.054374 0.316035 0.499058 0.500942 0.154798
0.280668 0.521301 0.134608 0.198031 0.354127 0.645873 0.451200
0.289165 0.406327 0.069335 0.304508 0.713500 0.286500 0.689124
0.300373 0.271693 0.631227 0.427934 0.846193 0.153807 0.047963
0.250245 0.320655 0.972360 0.429100 0.831775 0.168225 0.243995
0.122690 0.437444 0.919703 0.439866 0.273875 0.726125 0.228277
0.603669 0.138080 0.240807 0.258251 0.532935 0.467065 0.658042
0.042777 0.644956 0.041860 0.312268 0.938711 0.061289 0.177385
0.389910 0.347442 0.103410 0.262648 0.466550 0.533450 0.806687
0.155674 0.248109 0.001867 0.596217 0.378753 0.621247 0.035011
0.252112 0.174604 0.258491 0.573284 0.605910 0.394090 0.224472
0.381182 0.468724 0.123780 0.150094 0.784606 0.215394 0.300885
0.012884 0.852645 0.545818 0.134471 0.904554 0.095446 0.106336
0.233551 0.329046 0.501307 0.437404 0.149113 0.850887 0.275410
0.326498 0.564719 0.793047 0.108783 0.012762 0.987238 0.994627
0.819449 0.129273 0.198202 0.051278 0.398410 0.601590 0.950589
0.433421 0.191497 0.039331 0.375082 0.202701 0.797299 0.883409
0.427173 0.462064 0.211779 0.110763 0.264591 0.735409 0.013017
0.224663 0.340813 0.470030 0.434524 0.878546 0.121454 0.770481
0.032626 0.952257 0.133996 0.015117 0.004032 0.995968 0.533933
0.279442 0.181051 0.292205 0.539507 0.425150 0.574850 0.253541
0.111654 0.308123 0.818187 0.580223 0.202263 0.797737 0.309856
0.152852 0.098757 0.355553 0.748392 0.934773 0.065227 0.290940
0.782726 0.035457 0.082773 0.181818 0.180176 0.819824 0.994505
0.193193 0.455056 0.071740 0.351751 0.219168 0.780832 0.118279
0.056622 0.933027 0.993681 0.010351 0.150905 0.849095 0.190618
0.273124 0.411714 0.109987 0.315163 0.651111 0.348889 0.565329
0.529764 0.374888 0.106915 0.095348 0.676983 0.323017 0.347952
0.259766 0.727072 0.921612 0.013162 0.599560 0.400440 0.615319
0.739794 0.150705 0.070676 0.109500 0.398045 0.601955 0.822567
0.263869 0.128680 0.611718 0.607450 0.470816 0.529184 0.335609
0.589095 0.012272 0.740000 0.398633 0.392231 0.607769 0.595048
0.424837 0.158011 0.233960 0.417151 0.868172 0.131828 0.534825
0.138612 0.294889 0.110483 0.566499 0.064589 0.935411 0.245527
0.097322 0.315219 0.012100 0.587460 0.505293 0.494707 0.018933
0.120612 0.781988 0.518656 0.097400 0.758727 0.241273 0.973276
0.581295 0.329911 0.052111 0.088794 0.237145 0.762855 0.522924
0.572754 0.068452 0.964985 0.358794 0.124291 0.875709 0.381206
0.547833 0.171506 0.587511 0.280661 0.806043 0.193957 0.781793
0.021012 0.319856 0.405456 0.659132 0.920405 0.079595 0.131496
0.165932 0.652065 0.671225 0.182003 0.228817 0.771183 0.830097
0.247751 0.544086 0.006478 0.208164 0.732697 0.267303 0.310493
0.587772 0.118200 0.943118 0.294027 0.221699 0.778301 0.639883
0.515871 0.228751 0.868913 0.255377 0.281089 0.718911 0.480856
0.588253 0.074043 0.468338 0.337705 0.028690 0.971310 0.175764
0.809206 0.001277 0.730888 0.189517 0.196776 0.803224 0.214663
0.328272 0.568549 0.557089 0.103180 0.032659 0.967341 0.568045
0.804840 0.057917 0.595454 0.137243 0.359882 0.640118 0.811317
0.301426 0.368948 0.892073 0.329625 0.399090 0.600910 0.244544
0.038973 0.597723 0.320063 0.363304 0.760415 0.239585 0.505610
0.241272 0.741086 0.269961 0.017642 0.093862 0.906138 0.450697
0.080444 0.189182 0.466402 0.730374 0.259903 0.740097 0.811333
0.474565 0.320109 0.507225 0.205326 0.708153 0.291847 0.351763
0.276198 0.093783 0.636080 0.630018 0.156603 0.843397 0.965435
0.306455 0.661466 0.367010 0.032080 0.266861 0.733139 0.198528
0.405984 0.105422 0.271821 0.488595 0.835224 0.164776 0.726046
0.340834 0.172259 0.434696 0.486908 0.708404 0.291596 0.783054
0.159101 0.545221 0.419004 0.295678 0.863498 0.136502 0.170724
0.674831 0.218738 0.382984 0.106431 0.965398 0.034602 0.400794
0.317161 0.342021 0.473764 0.340818 0.770776 0.229224 0.295262
0.441684 0.294526 0.003072 0.263789 0.601717 0.398283 0.808695
0.514477 0.285767 0.635469 0.199755 0.214678 0.785322 0.786298
0.940724 0.035578 0.649129 0.023697 0.299391 0.700609 0.410998
0.082444 0.725785 0.945943 0.191770 0.115320 0.884680 0.227234
0.286045 0.334729 0.251443 0.379227 0.120803 0.879197 0.003757
0.521597 0.047007 0.292373 0.431396 0.662940 0.337060 0.042369
0.028583 0.929619 0.559919 0.041798 0.484053 0.515947 0.031656
0.292748 0.067416 0.507426 0.639836 0.546133 0.453867 0.995633
0.332431 0.115719 0.631822 0.551850 0.971936 0.028064 0.097279
0.382934 0.331333 0.498254 0.285733 0.905509 0.094491 0.660209
0.132742 0.651557 0.253545 0.215701 0.280982 0.719018 0.035742
0.284740 0.490402 0.947680 0.224858 0.604346 0.395654 0.067515
0.646715 0.259167 0.130768 0.094118 0.096098 0.903902 0.465801
0.127754 0.295762 0.673887 0.576485 0.825965 0.174035 0.930941
0.006318 0.815280 0.793534 0.178402 0.379091 0.620909 0.638140
0.176468 0.299902 0.381878 0.523630 0.352406 0.647594 0.674722
0.012615 0.502005 0.293598 0.485379 0.459021 0.540979 0.768166
0.494763 0.083575 0.099109 0.421662 0.543308 0.456692 0.526018
0.610822 0.135001 0.706920 0.254176 0.431899 0.568101 0.876591
0.834674 0.063027 0.723665 0.102300 0.300107 0.699893 0.508560
0.231048 0.314216 0.610139 0.454737 0.514878 0.485122 0.338797
0.086508 0.066509 0.505424 0.846982 0.515265 0.484735 0.468387
0.189986 0.328053 0.649007 0.481960 0.983008 0.016992 0.811638
0.143770 0.607403 0.294481 0.248827 0.389976 0.610024 0.242879
0.905303 0.010690 0.347893 0.084007 0.988702 0.011298 0.612223
0.245593 0.619701 0.165400 0.134706 0.446897 0.553103 0.969258
0.396448 0.559009 0.470335 0.044543 0.514522 0.485478 0.006587
0.623353 0.229966 0.368583 0.146682 0.093095 0.906905 0.128777
0.558569 0.002912 0.544489 0.438518 0.646817 0.353183 0.207577
0.295663 0.162792 0.848430 0.541545 0.351347 0.648653 0.590143
0.594225 0.170198 0.582928 0.235576 0.495446 0.504554 0.112316
0.107669 0.340552 0.554566 0.551778 0.357909 0.642091 0.613622
0.327167 0.182855 0.841689 0.489977 0.010070 0.989930 0.980358
0.016657 0.678351 0.109752 0.304993 0.603711 0.396289 0.063590
0.671234 0.061254 0.379305 0.267512 0.622160 0.377840 0.215723
0.829737 0.008023 0.181083 0.162240 0.511386 0.488614 0.686190
0.101529 0.673780 0.596975 0.224691 0.450614 0.549386 0.358236
0.562930 0.141714 0.920839 0.295356 0.806458 0.193542 0.259210
0.248007 0.172073 0.430150 0.579920 0.769233 0.230767 0.089696
0.446806 0.302785 0.353302 0.250409 0.784703 0.215297 0.556558
0.085790 0.762504 0.470453 0.151706 0.227792 0.772208 0.465095
0.300190 0.143325 0.954900 0.556485 0.302855 0.697145 0.481273
0.056429 0.932615 0.439659 0.010955 0.256582 0.743418 0.653405
0.002589 0.612230 0.421276 0.385182 0.358049 0.641951 0.923428
0.617259 0.224097 0.386493 0.158644 0.171435 0.828565 0.271506
0.136084 0.125046 0.045833 0.738870 0.718312 0.281688 0.489386
0.274870 0.619257 0.502662 0.105873 0.575176 0.424824 0.364581
0.040270 0.905906 0.343125 0.053823 0.664771 0.335229 0.901077
0.146044 0.186126 0.402626 0.667830 0.957507 0.042493 0.771828
0.017444 0.593467 0.968960 0.389089 0.774417 0.225583 0.438720
0.586220 0.111625 0.869280 0.302155 0.280076 0.719924 0.972713
0.130410 0.421172 0.269894 0.448418 0.108796 0.891204 0.176243
0.544765 0.053418 0.173358 0.401818 0.070370 0.929630 0.047427
0.213628 0.221322 0.099721 0.565049 0.993603 0.006397 0.556753
0.245765 0.648915 0.852187 0.105319 0.888923 0.111077 0.648391
0.463099 0.197653 0.435168 0.339249 0.665836 0.334164 0.432059
0.104556 0.028457 0.384633 0.866987 0.018279 0.981721 0.002293
0.936215 0.054777 0.099788 0.009008 0.132703 0.867297 0.206109
0.308946 0.389025 0.379316 0.302029 0.750874 0.249126 0.871329
0.798301 0.015966 0.791904 0.185733 0.084957 0.915043 0.913989
0.641710 0.044874 0.530634 0.313415 0.159754 0.840246 0.538772
0.191385 0.616760 0.473981 0.191855 0.001871 0.998129 0.626554
0.433931 0.144607 0.452210 0.421463 0.759567 0.240433 0.963170
0.443202 0.318658 0.894562 0.238140 0.899385 0.100615 0.542990
0.105494 0.098014 0.856368 0.796492 0.240961 0.759039 0.582824
0.112289 0.542380 0.197246 0.345331 0.397091 0.602909 0.446573
0.311080 0.527877 0.470834 0.161043 0.133158 0.866842 0.369590
0.278980 0.392951 0.673802 0.328070 0.560976 0.439024 0.752961
0.107732 0.079797 0.947096 0.812471 0.331498 0.668502 0.559942
0.294668 0.414288 0.194053 0.291044 0.003144 0.996856 0.603518
0.299547 0.246587 0.787094 0.453866 0.807026 0.192974 0.155915
0.389851 0.509533 0.786942 0.100616 0.810584 0.189416 0.096630
0.098022 0.159135 0.390315 0.742843 0.935586 0.064414 0.568856
0.062245 0.242932 0.866153 0.694823 0.847836 0.152164 0.736047
0.053682 0.547114 0.932294 0.399204 0.843779 0.156221 0.000778
0.226962 0.176759 0.406865 0.596279 0.709734 0.290266 0.421015
0.313252 0.639746 0.120278 0.047002 0.720561 0.279439 0.740093
0.510129 0.366347 0.687060 0.123524 0.639476 0.360524 0.297071
0.736106 0.208111 0.671692 0.055783 0.395093 0.604907 0.334531
0.963949 0.012921 0.811784 0.023131 0.396776 0.603224 0.843022
0.132823 0.279758 0.976602 0.587420 0.896704 0.103296 0.344875
0.380323 0.517159 0.607216 0.102518 0.571836 0.428164 0.787187
0.920467 0.072384 0.713412 0.007149 0.740185 0.259815 0.040746
0.480278 0.109610 0.119754 0.410112 0.550874 0.449126 0.276948
0.847945 0.007915 0.243038 0.144140 0.221165 0.778835 0.527553
0.206986 0.348709 0.952472 0.444304 0.504422 0.495578 0.018771
0.085295 0.262149 0.244147 0.652556 0.431351 0.568649 0.061897
0.141629 0.634597 0.348062 0.223774 0.442219 0.557781 0.748844
0.229406 0.111507 0.969592 0.659087 0.669312 0.330688 0.054325
0.449870 0.260188 0.260932 0.289943 0.644214 0.355786 0.569624
0.108877 0.812285 0.142326 0.078838 0.425484 0.574516 0.351914
0.698022 0.255014 0.457458 0.046964 0.558900 0.441100 0.650494
0.577671 0.227231 0.009022 0.195098 0.735789 0.264211 0.049049
0.785248 0.012438 0.239904 0.202315 0.190678 0.809322 0.133310
0.469311 0.470212 0.608834 0.060478 0.474223 0.525777 0.438902
0.318892 0.209657 0.172762 0.471452 0.888772 0.111228 0.579823
0.093923 0.364472 0.883879 0.541605 0.688700 0.311300 0.236250
0.040614 0.796302 0.599514 0.163084 0.934272 0.065728 0.294374
0.177185 0.407581 0.320555 0.415234 0.099275 0.900725 0.186207
0.118240 0.030084 0.339002 0.851676 0.971455 0.028545 0.358145
0.104765 0.173760 0.578988 0.721475 0.827455 0.172545 0.887359
0.107536 0.158822 0.155129 0.733642 0.206250 0.793750 0.280298
0.613525 0.172549 0.474773 0.213927 0.374221 0.625779 0.497404
0.515387 0.095084 0.544743 0.389529 0.334319 0.665681 0.114901
0.129508 0.499184 0.727968 0.371307 0.292087 0.707913 0.450063
0.478294 0.397999 0.449749 0.123707 0.568304 0.431696 0.215295
0.554514 0.371934 0.753904 0.073552 0.493819 0.506181 0.133502
0.020261 0.360917 0.587428 0.618822 0.241038 0.758962 0.175390
0.373502 0.147834 0.895557 0.478664 0.788915 0.211085 0.848275
0.286319 0.219709 0.620638 0.493972 0.363662 0.636338 0.050770
0.249331 0.229232 0.770650 0.521437 0.180279 0.819721 0.977299
0.248944 0.381398 0.198646 0.369658 0.853592 0.146408 0.698693
0.068887 0.056207 0.562706 0.874906 0.253207 0.746793 0.878998
0.386710 0.557175 0.627748 0.056116 0.899259 0.100741 0.531313
0.074649 0.074435 0.863564 0.850916 0.904814 0.095186 0.044640
0.149882 0.603207 0.116751 0.246911 0.550668 0.449332 0.770520
0.595314 0.006124 0.781717 0.398562 0.019851 0.980149 0.365964
0.412059 0.585091 0.850742 0.002850 0.614908 0.385092 0.610705
0.313601 0.606028 0.566808 0.080371 0.735799 0.264201 0.482335
0.614796 0.338722 0.514055 0.046482 0.426220 0.573780 0.581266
0.588704 0.368828 0.862347 0.042468 0.730349 0.269651 0.452268
0.615436 0.159554 0.325658 0.225010 0.602150 0.397850 0.732187
0.372671 0.554425 0.392522 0.072904 0.327501 0.672499 0.708813
0.389672 0.303793 0.308372 0.306535 0.120873 0.879127 0.240414
0.621973 0.109604 0.467376 0.268423 0.160043 0.839957 0.188781
0.082172 0.560206 0.068598 0.357621 0.142299 0.857701 0.596227
0.026131 0.697434 0.453914 0.276435 0.184931 0.815069 0.888477
0.228903 0.408296 0.239350 0.362801 0.503913 0.496087 0.554561
0.236100 0.375920 0.563601 0.387980 0.481657 0.518343 0.004542
0.190470 0.066596 0.311343 0.742934 0.394214 0.605786 0.565438
0.042920 0.591709 0.794672 0.365371 0.187411 0.812589 0.510296
0.376192 0.060858 0.518492 0.562949 0.592469 0.407531 0.505649
0.188696 0.053360 0.373628 0.757944 0.531780 0.468220 0.695970
0.010827 0.409430 0.924170 0.579743 0.924873 0.075127 0.250177
0.160270 0.319163 0.961091 0.520566 0.862197 0.137803 0.723872
0.151561 0.715178 0.260954 0.133261 0.980937 0.019063 0.462904
0.546376 0.349207 0.733787 0.104418 0.505824 0.494176 0.690255
0.016120 0.093859 0.608588 0.890021 0.127305 0.872695 0.628471
0.632955 0.164330 0.164735 0.202716 0.870527 0.129473 0.170912
0.566497 0.018495 0.491370 0.415008 0.181739 0.818261 0.509162
0.431916 0.538888 0.294113 0.029196 0.669432 0.330568 0.931894
0.160852 0.232452 0.374241 0.606696 0.083455 0.916545 0.421805
0.546359 0.374258 0.052183 0.079383 0.317388 0.682612 0.654404
0.007642 0.060660 0.134948 0.931698 0.764383 0.235617 0.676891
0.392854 0.375049 0.263380 0.232098 0.474175 0.525825 0.932637
0.645087 0.184790 0.826826 0.170123 0.517629 0.482371 0.321247
0.026791 0.231951 0.696223 0.741258 0.292051 0.707949 0.552854
0.089527 0.134418 0.307401 0.776055 0.713706 0.286294 0.463769
0.135511 0.718248 0.452899 0.146241 0.384386 0.615614 0.905942
0.038789 0.421752 0.803172 0.539459 0.974244 0.025756 0.595489
0.196025 0.455109 0.125310 0.348865 0.363391 0.636609 0.459406
0.296028 0.474369 0.813657 0.229603 0.289283 0.710717 0.597223
0.610530 0.229918 0.902581 0.159552 0.855965 0.144035 0.536671
0.126526 0.282293 0.122525 0.591181 0.626198 0.373802 0.433926
0.089967 0.168069 0.474353 0.741964 0.287686 0.712314 0.710935
0.193628 0.319514 0.167872 0.486858 0.171476 0.828524 0.316314
0.766965 0.052042 0.130356 0.180993 0.512340 0.487660 0.944317
0.426384 0.545361 0.261028 0.028255 0.714714 0.285286 0.240041
0.311937 0.559622 0.167901 0.128442 0.080489 0.919511 0.774139
0.576720 0.040440 0.243359 0.382840 0.900665 0.099335 0.699245
0.333326 0.001265 0.622277 0.665409 0.957281 0.042719 0.807679
0.668216 0.147688 0.839692 0.184096 0.320821 0.679179 0.983776
0.606657 0.030478 0.149474 0.362865 0.802783 0.197217 0.737013
0.121220 0.625880 0.461813 0.252900 0.163397 0.836603 0.382248
0.403438 0.370312 0.483927 0.226250 0.253806 0.746194 0.941652
0.027945 0.073141 0.928610 0.898913 0.518372 0.481628 0.344445
0.217617 0.045584 0.174898 0.736799 0.677771 0.322229 0.885478
0.485450 0.357665 0.806270 0.156886 0.701382 0.298618 0.682806
0.443405 0.241753 0.487941 0.314842 0.289463 0.710537 0.592879
0.026476 0.208565 0.189872 0.764959 0.714099 0.285901 0.696854
0.096347 0.496964 0.350153 0.406690 0.470604 0.529396 0.077237
0.378098 0.034157 0.930628 0.587744 0.178324 0.821676 0.306709
0.148245 0.374525 0.200540 0.477231 0.569910 0.430090 0.323143
0.455387 0.230602 0.156769 0.314010 0.166257 0.833743 0.492260
0.841928 0.007135 0.138526 0.150937 0.935665 0.064335 0.329869
0.165002 0.363542 0.242643 0.471456 0.564910 0.435090 0.354874
0.261764 0.077225 0.732368 0.661011 0.948184 0.051816 0.689142
0.025422 0.119203 0.203745 0.855376 0.067241 0.932759 0.075252
0.373949 0.352565 0.943859 0.273485 0.223497 0.776503 0.927055
0.399246 0.147393 0.712896 0.453361 0.613045 0.386955 0.556016
0.105305 0.456654 0.040970 0.438041 0.397944 0.602056 0.700485
0.569514 0.158299 0.292722 0.272187 0.865487 0.134513 0.812157
0.220361 0.334125 0.168546 0.445514 0.151146 0.848854 0.286854
0.193967 0.646321 0.907529 0.159712 0.431479 0.568521 0.397713
0.281478 0.225252 0.730227 0.493269 0.124227 0.875773 0.225337
0.051282 0.225584 0.664327 0.723134 0.624584 0.375416 0.989763
0.180599 0.589032 0.578543 0.230368 0.551722 0.448278 0.810601
0.252207 0.054148 0.117694 0.693644 0.380115 0.619885 0.599078
0.192272 0.145784 0.343418 0.661944 0.153564 0.846436 0.506601
0.183706 0.256713 0.871897 0.559581 0.700569 0.299431 0.091235
0.098281 0.280346 0.222508 0.621372 0.372713 0.627287 0.108855
0.273790 0.324259 0.222633 0.401950 0.385721 0.614279 0.938117

